0 PINHOLE 1024 690 487.09 487.09 512 345
1 PINHOLE 1024 690 487.09 487.09 512 345
2 PINHOLE 1024 690 487.09 487.09 512 345
3 PINHOLE 1024 690 487.09 487.09 512 345
4 PINHOLE 1024 690 487.09 487.09 512 345
5 PINHOLE 1024 690 487.09 487.09 512 345
6 PINHOLE 1024 690 487.09 487.09 512 345
7 PINHOLE 1024 690 487.09 487.09 512 345
8 PINHOLE 1024 690 487.09 487.09 512 345
9 PINHOLE 1024 690 487.09 487.09 512 345
10 PINHOLE 1024 690 487.09 487.09 512 345
11 PINHOLE 1024 690 487.09 487.09 512 345
12 PINHOLE 1024 690 487.09 487.09 512 345
13 PINHOLE 1024 690 487.09 487.09 512 345
14 PINHOLE 1024 690 487.09 487.09 512 345
15 PINHOLE 1024 690 487.09 487.09 512 345
16 PINHOLE 1024 690 487.09 487.09 512 345
17 PINHOLE 1024 690 487.09 487.09 512 345
18 PINHOLE 1024 690 487.09 487.09 512 345
19 PINHOLE 1024 690 487.09 487.09 512 345
20 PINHOLE 1024 690 487.09 487.09 512 345
21 PINHOLE 1024 690 487.09 487.09 512 345
22 PINHOLE 1024 690 487.09 487.09 512 345
23 PINHOLE 1024 690 487.09 487.09 512 345
24 PINHOLE 1024 690 487.09 487.09 512 345
25 PINHOLE 1024 690 487.09 487.09 512 345
26 PINHOLE 1024 690 487.09 487.09 512 345
27 PINHOLE 1024 690 487.09 487.09 512 345
28 PINHOLE 1024 690 487.09 487.09 512 345
29 PINHOLE 1024 690 487.09 487.09 512 345
30 PINHOLE 1024 690 487.09 487.09 512 345
31 PINHOLE 1024 690 487.09 487.09 512 345
32 PINHOLE 1024 690 487.09 487.09 512 345
33 PINHOLE 1024 690 487.09 487.09 512 345
34 PINHOLE 1024 690 487.09 487.09 512 345
35 PINHOLE 1024 690 487.09 487.09 512 345
36 PINHOLE 1024 690 487.09 487.09 512 345
37 PINHOLE 1024 690 487.09 487.09 512 345
38 PINHOLE 1024 690 487.09 487.09 512 345
39 PINHOLE 1024 690 487.09 487.09 512 345
40 PINHOLE 1024 690 487.09 487.09 512 345
41 PINHOLE 1024 690 487.09 487.09 512 345
42 PINHOLE 1024 690 487.09 487.09 512 345
43 PINHOLE 1024 690 487.09 487.09 512 345
44 PINHOLE 1024 690 487.09 487.09 512 345
45 PINHOLE 1024 690 487.09 487.09 512 345
46 PINHOLE 1024 690 487.09 487.09 512 345
47 PINHOLE 1024 690 487.09 487.09 512 345
48 PINHOLE 1024 690 487.09 487.09 512 345
49 PINHOLE 1024 690 487.09 487.09 512 345
50 PINHOLE 1024 690 487.09 487.09 512 345
51 PINHOLE 1024 690 487.09 487.09 512 345
52 PINHOLE 1024 690 487.09 487.09 512 345
53 PINHOLE 1024 690 487.09 487.09 512 345
54 PINHOLE 1024 690 487.09 487.09 512 345
55 PINHOLE 1024 690 487.09 487.09 512 345
56 PINHOLE 1024 690 487.09 487.09 512 345
57 PINHOLE 1024 690 487.09 487.09 512 345
58 PINHOLE 1024 690 487.09 487.09 512 345
59 PINHOLE 1024 690 487.09 487.09 512 345
60 PINHOLE 1024 690 487.09 487.09 512 345
61 PINHOLE 1024 690 487.09 487.09 512 345
62 PINHOLE 1024 690 487.09 487.09 512 345
63 PINHOLE 1024 690 487.09 487.09 512 345
64 PINHOLE 1024 690 487.09 487.09 512 345
65 PINHOLE 1024 690 487.09 487.09 512 345
66 PINHOLE 1024 690 487.09 487.09 512 345
67 PINHOLE 1024 690 487.09 487.09 512 345
68 PINHOLE 1024 690 487.09 487.09 512 345
69 PINHOLE 1024 690 487.09 487.09 512 345
70 PINHOLE 1024 690 487.09 487.09 512 345
71 PINHOLE 1024 690 487.09 487.09 512 345
72 PINHOLE 1024 690 487.09 487.09 512 345
73 PINHOLE 1024 690 487.09 487.09 512 345
74 PINHOLE 1024 690 487.09 487.09 512 345
75 PINHOLE 1024 690 487.09 487.09 512 345
76 PINHOLE 1024 690 487.09 487.09 512 345
77 PINHOLE 1024 690 487.09 487.09 512 345
78 PINHOLE 1024 690 487.09 487.09 512 345
79 PINHOLE 1024 690 487.09 487.09 512 345
80 PINHOLE 1024 690 487.09 487.09 512 345
81 PINHOLE 1024 690 487.09 487.09 512 345
82 PINHOLE 1024 690 487.09 487.09 512 345
83 PINHOLE 1024 690 487.09 487.09 512 345
84 PINHOLE 1024 690 487.09 487.09 512 345
85 PINHOLE 1024 690 487.09 487.09 512 345
86 PINHOLE 1024 690 487.09 487.09 512 345
87 PINHOLE 1024 690 487.09 487.09 512 345
88 PINHOLE 1024 690 487.09 487.09 512 345
89 PINHOLE 1024 690 487.09 487.09 512 345
90 PINHOLE 1024 690 487.09 487.09 512 345
91 PINHOLE 1024 690 487.09 487.09 512 345
92 PINHOLE 1024 690 487.09 487.09 512 345
93 PINHOLE 1024 690 487.09 487.09 512 345
94 PINHOLE 1024 690 487.09 487.09 512 345
95 PINHOLE 1024 690 487.09 487.09 512 345
96 PINHOLE 1024 690 487.09 487.09 512 345
97 PINHOLE 1024 690 487.09 487.09 512 345
98 PINHOLE 1024 690 487.09 487.09 512 345
99 PINHOLE 1024 690 487.09 487.09 512 345
100 PINHOLE 1024 690 487.09 487.09 512 345
101 PINHOLE 1024 690 487.09 487.09 512 345
102 PINHOLE 1024 690 487.09 487.09 512 345
103 PINHOLE 1024 690 487.09 487.09 512 345
104 PINHOLE 1024 690 487.09 487.09 512 345
105 PINHOLE 1024 690 487.09 487.09 512 345
106 PINHOLE 1024 690 487.09 487.09 512 345
107 PINHOLE 1024 690 487.09 487.09 512 345
108 PINHOLE 1024 690 487.09 487.09 512 345
109 PINHOLE 1024 690 487.09 487.09 512 345
110 PINHOLE 1024 690 487.09 487.09 512 345
111 PINHOLE 1024 690 487.09 487.09 512 345
112 PINHOLE 1024 690 487.09 487.09 512 345
113 PINHOLE 1024 690 487.09 487.09 512 345
114 PINHOLE 1024 690 487.09 487.09 512 345
115 PINHOLE 1024 690 487.09 487.09 512 345
116 PINHOLE 1024 690 487.09 487.09 512 345
117 PINHOLE 1024 690 487.09 487.09 512 345
118 PINHOLE 1024 690 487.09 487.09 512 345
119 PINHOLE 1024 690 487.09 487.09 512 345
120 PINHOLE 1024 690 487.09 487.09 512 345
121 PINHOLE 1024 690 487.09 487.09 512 345
122 PINHOLE 1024 690 487.09 487.09 512 345
123 PINHOLE 1024 690 487.09 487.09 512 345
124 PINHOLE 1024 690 487.09 487.09 512 345
125 PINHOLE 1024 690 487.09 487.09 512 345
126 PINHOLE 1024 690 487.09 487.09 512 345
127 PINHOLE 1024 690 487.09 487.09 512 345
128 PINHOLE 1024 690 487.09 487.09 512 345
129 PINHOLE 1024 690 487.09 487.09 512 345
130 PINHOLE 1024 690 487.09 487.09 512 345
131 PINHOLE 1024 690 487.09 487.09 512 345
132 PINHOLE 1024 690 487.09 487.09 512 345
133 PINHOLE 1024 690 487.09 487.09 512 345
134 PINHOLE 1024 690 487.09 487.09 512 345
135 PINHOLE 1024 690 487.09 487.09 512 345
136 PINHOLE 1024 690 487.09 487.09 512 345
137 PINHOLE 1024 690 487.09 487.09 512 345
138 PINHOLE 1024 690 487.09 487.09 512 345
139 PINHOLE 1024 690 487.09 487.09 512 345
140 PINHOLE 1024 690 487.09 487.09 512 345
141 PINHOLE 1024 690 487.09 487.09 512 345
142 PINHOLE 1024 690 487.09 487.09 512 345
143 PINHOLE 1024 690 487.09 487.09 512 345
144 PINHOLE 1024 690 487.09 487.09 512 345
145 PINHOLE 1024 690 487.09 487.09 512 345
146 PINHOLE 1024 690 487.09 487.09 512 345
147 PINHOLE 1024 690 487.09 487.09 512 345
148 PINHOLE 1024 690 487.09 487.09 512 345
149 PINHOLE 1024 690 487.09 487.09 512 345
150 PINHOLE 1024 690 487.09 487.09 512 345
151 PINHOLE 1024 690 487.09 487.09 512 345
152 PINHOLE 1024 690 487.09 487.09 512 345
153 PINHOLE 1024 690 487.09 487.09 512 345
154 PINHOLE 1024 690 487.09 487.09 512 345
155 PINHOLE 1024 690 487.09 487.09 512 345
156 PINHOLE 1024 690 487.09 487.09 512 345
157 PINHOLE 1024 690 487.09 487.09 512 345
158 PINHOLE 1024 690 487.09 487.09 512 345
159 PINHOLE 1024 690 487.09 487.09 512 345
160 PINHOLE 1024 690 487.09 487.09 512 345
161 PINHOLE 1024 690 487.09 487.09 512 345
162 PINHOLE 1024 690 487.09 487.09 512 345
163 PINHOLE 1024 690 487.09 487.09 512 345
164 PINHOLE 1024 690 487.09 487.09 512 345
165 PINHOLE 1024 690 487.09 487.09 512 345
166 PINHOLE 1024 690 487.09 487.09 512 345
167 PINHOLE 1024 690 487.09 487.09 512 345
168 PINHOLE 1024 690 487.09 487.09 512 345
169 PINHOLE 1024 690 487.09 487.09 512 345
170 PINHOLE 1024 690 487.09 487.09 512 345
171 PINHOLE 1024 690 487.09 487.09 512 345
172 PINHOLE 1024 690 487.09 487.09 512 345
173 PINHOLE 1024 690 487.09 487.09 512 345
174 PINHOLE 1024 690 487.09 487.09 512 345
175 PINHOLE 1024 690 487.09 487.09 512 345
176 PINHOLE 1024 690 487.09 487.09 512 345
177 PINHOLE 1024 690 487.09 487.09 512 345
178 PINHOLE 1024 690 487.09 487.09 512 345
179 PINHOLE 1024 690 487.09 487.09 512 345
180 PINHOLE 1024 690 487.09 487.09 512 345
181 PINHOLE 1024 690 487.09 487.09 512 345
182 PINHOLE 1024 690 487.09 487.09 512 345
183 PINHOLE 1024 690 487.09 487.09 512 345
184 PINHOLE 1024 690 487.09 487.09 512 345
185 PINHOLE 1024 690 487.09 487.09 512 345
186 PINHOLE 1024 690 487.09 487.09 512 345
187 PINHOLE 1024 690 487.09 487.09 512 345
188 PINHOLE 1024 690 487.09 487.09 512 345
189 PINHOLE 1024 690 487.09 487.09 512 345
190 PINHOLE 1024 690 487.09 487.09 512 345
191 PINHOLE 1024 690 487.09 487.09 512 345
192 PINHOLE 1024 690 487.09 487.09 512 345
193 PINHOLE 1024 690 487.09 487.09 512 345
194 PINHOLE 1024 690 487.09 487.09 512 345
195 PINHOLE 1024 690 487.09 487.09 512 345
196 PINHOLE 1024 690 487.09 487.09 512 345
197 PINHOLE 1024 690 487.09 487.09 512 345
198 PINHOLE 1024 690 487.09 487.09 512 345
199 PINHOLE 1024 690 487.09 487.09 512 345
200 PINHOLE 1024 690 487.09 487.09 512 345
201 PINHOLE 1024 690 487.09 487.09 512 345
202 PINHOLE 1024 690 487.09 487.09 512 345
203 PINHOLE 1024 690 487.09 487.09 512 345
204 PINHOLE 1024 690 487.09 487.09 512 345
205 PINHOLE 1024 690 487.09 487.09 512 345
206 PINHOLE 1024 690 487.09 487.09 512 345
207 PINHOLE 1024 690 487.09 487.09 512 345
208 PINHOLE 1024 690 487.09 487.09 512 345
209 PINHOLE 1024 690 487.09 487.09 512 345
210 PINHOLE 1024 690 487.09 487.09 512 345
211 PINHOLE 1024 690 487.09 487.09 512 345
212 PINHOLE 1024 690 487.09 487.09 512 345
213 PINHOLE 1024 690 487.09 487.09 512 345
214 PINHOLE 1024 690 487.09 487.09 512 345
215 PINHOLE 1024 690 487.09 487.09 512 345
216 PINHOLE 1024 690 487.09 487.09 512 345
217 PINHOLE 1024 690 487.09 487.09 512 345
218 PINHOLE 1024 690 487.09 487.09 512 345
219 PINHOLE 1024 690 487.09 487.09 512 345
220 PINHOLE 1024 690 487.09 487.09 512 345
221 PINHOLE 1024 690 487.09 487.09 512 345
222 PINHOLE 1024 690 487.09 487.09 512 345
223 PINHOLE 1024 690 487.09 487.09 512 345
224 PINHOLE 1024 690 487.09 487.09 512 345
225 PINHOLE 1024 690 487.09 487.09 512 345
226 PINHOLE 1024 690 487.09 487.09 512 345
227 PINHOLE 1024 690 487.09 487.09 512 345
228 PINHOLE 1024 690 487.09 487.09 512 345
229 PINHOLE 1024 690 487.09 487.09 512 345
230 PINHOLE 1024 690 487.09 487.09 512 345
231 PINHOLE 1024 690 487.09 487.09 512 345
232 PINHOLE 1024 690 487.09 487.09 512 345
233 PINHOLE 1024 690 487.09 487.09 512 345
234 PINHOLE 1024 690 487.09 487.09 512 345
235 PINHOLE 1024 690 487.09 487.09 512 345
236 PINHOLE 1024 690 487.09 487.09 512 345
237 PINHOLE 1024 690 487.09 487.09 512 345
238 PINHOLE 1024 690 487.09 487.09 512 345
239 PINHOLE 1024 690 487.09 487.09 512 345
240 PINHOLE 1024 690 487.09 487.09 512 345
241 PINHOLE 1024 690 487.09 487.09 512 345
242 PINHOLE 1024 690 487.09 487.09 512 345
243 PINHOLE 1024 690 487.09 487.09 512 345
244 PINHOLE 1024 690 487.09 487.09 512 345
245 PINHOLE 1024 690 487.09 487.09 512 345
246 PINHOLE 1024 690 487.09 487.09 512 345
247 PINHOLE 1024 690 487.09 487.09 512 345
248 PINHOLE 1024 690 487.09 487.09 512 345
249 PINHOLE 1024 690 487.09 487.09 512 345
250 PINHOLE 1024 690 487.09 487.09 512 345
251 PINHOLE 1024 690 487.09 487.09 512 345
252 PINHOLE 1024 690 487.09 487.09 512 345
253 PINHOLE 1024 690 487.09 487.09 512 345
254 PINHOLE 1024 690 487.09 487.09 512 345
255 PINHOLE 1024 690 487.09 487.09 512 345
256 PINHOLE 1024 690 487.09 487.09 512 345
257 PINHOLE 1024 690 487.09 487.09 512 345
258 PINHOLE 1024 690 487.09 487.09 512 345
259 PINHOLE 1024 690 487.09 487.09 512 345
260 PINHOLE 1024 690 487.09 487.09 512 345
261 PINHOLE 1024 690 487.09 487.09 512 345
262 PINHOLE 1024 690 487.09 487.09 512 345
263 PINHOLE 1024 690 487.09 487.09 512 345
264 PINHOLE 1024 690 487.09 487.09 512 345
265 PINHOLE 1024 690 487.09 487.09 512 345
266 PINHOLE 1024 690 487.09 487.09 512 345
267 PINHOLE 1024 690 487.09 487.09 512 345
268 PINHOLE 1024 690 487.09 487.09 512 345
269 PINHOLE 1024 690 487.09 487.09 512 345
270 PINHOLE 1024 690 487.09 487.09 512 345
271 PINHOLE 1024 690 487.09 487.09 512 345
272 PINHOLE 1024 690 487.09 487.09 512 345
273 PINHOLE 1024 690 487.09 487.09 512 345
274 PINHOLE 1024 690 487.09 487.09 512 345
275 PINHOLE 1024 690 487.09 487.09 512 345
276 PINHOLE 1024 690 487.09 487.09 512 345
277 PINHOLE 1024 690 487.09 487.09 512 345
278 PINHOLE 1024 690 487.09 487.09 512 345
279 PINHOLE 1024 690 487.09 487.09 512 345
280 PINHOLE 1024 690 487.09 487.09 512 345
281 PINHOLE 1024 690 487.09 487.09 512 345
282 PINHOLE 1024 690 487.09 487.09 512 345
283 PINHOLE 1024 690 487.09 487.09 512 345
284 PINHOLE 1024 690 487.09 487.09 512 345
285 PINHOLE 1024 690 487.09 487.09 512 345
286 PINHOLE 1024 690 487.09 487.09 512 345
287 PINHOLE 1024 690 487.09 487.09 512 345
288 PINHOLE 1024 690 487.09 487.09 512 345
289 PINHOLE 1024 690 487.09 487.09 512 345
290 PINHOLE 1024 690 487.09 487.09 512 345
291 PINHOLE 1024 690 487.09 487.09 512 345
292 PINHOLE 1024 690 487.09 487.09 512 345
293 PINHOLE 1024 690 487.09 487.09 512 345
294 PINHOLE 1024 690 487.09 487.09 512 345
295 PINHOLE 1024 690 487.09 487.09 512 345
296 PINHOLE 1024 690 487.09 487.09 512 345
297 PINHOLE 1024 690 487.09 487.09 512 345
298 PINHOLE 1024 690 487.09 487.09 512 345
299 PINHOLE 1024 690 487.09 487.09 512 345
300 PINHOLE 1024 690 487.09 487.09 512 345
301 PINHOLE 1024 690 487.09 487.09 512 345
302 PINHOLE 1024 690 487.09 487.09 512 345
303 PINHOLE 1024 690 487.09 487.09 512 345
304 PINHOLE 1024 690 487.09 487.09 512 345
305 PINHOLE 1024 690 487.09 487.09 512 345
306 PINHOLE 1024 690 487.09 487.09 512 345
307 PINHOLE 1024 690 487.09 487.09 512 345
308 PINHOLE 1024 690 487.09 487.09 512 345
309 PINHOLE 1024 690 487.09 487.09 512 345
310 PINHOLE 1024 690 487.09 487.09 512 345
311 PINHOLE 1024 690 487.09 487.09 512 345
312 PINHOLE 1024 690 487.09 487.09 512 345
313 PINHOLE 1024 690 487.09 487.09 512 345
314 PINHOLE 1024 690 487.09 487.09 512 345
315 PINHOLE 1024 690 487.09 487.09 512 345
316 PINHOLE 1024 690 487.09 487.09 512 345
317 PINHOLE 1024 690 487.09 487.09 512 345
318 PINHOLE 1024 690 487.09 487.09 512 345
319 PINHOLE 1024 690 487.09 487.09 512 345
320 PINHOLE 1024 690 487.09 487.09 512 345
321 PINHOLE 1024 690 487.09 487.09 512 345
322 PINHOLE 1024 690 487.09 487.09 512 345
323 PINHOLE 1024 690 487.09 487.09 512 345
324 PINHOLE 1024 690 487.09 487.09 512 345
325 PINHOLE 1024 690 487.09 487.09 512 345
326 PINHOLE 1024 690 487.09 487.09 512 345
327 PINHOLE 1024 690 487.09 487.09 512 345
328 PINHOLE 1024 690 487.09 487.09 512 345
329 PINHOLE 1024 690 487.09 487.09 512 345
330 PINHOLE 1024 690 487.09 487.09 512 345
331 PINHOLE 1024 690 487.09 487.09 512 345
332 PINHOLE 1024 690 487.09 487.09 512 345
333 PINHOLE 1024 690 487.09 487.09 512 345
334 PINHOLE 1024 690 487.09 487.09 512 345
335 PINHOLE 1024 690 487.09 487.09 512 345
336 PINHOLE 1024 690 487.09 487.09 512 345
337 PINHOLE 1024 690 487.09 487.09 512 345
338 PINHOLE 1024 690 487.09 487.09 512 345
339 PINHOLE 1024 690 487.09 487.09 512 345
340 PINHOLE 1024 690 487.09 487.09 512 345
341 PINHOLE 1024 690 487.09 487.09 512 345
342 PINHOLE 1024 690 487.09 487.09 512 345
343 PINHOLE 1024 690 487.09 487.09 512 345
344 PINHOLE 1024 690 487.09 487.09 512 345
345 PINHOLE 1024 690 487.09 487.09 512 345
346 PINHOLE 1024 690 487.09 487.09 512 345
347 PINHOLE 1024 690 487.09 487.09 512 345
348 PINHOLE 1024 690 487.09 487.09 512 345
349 PINHOLE 1024 690 487.09 487.09 512 345
350 PINHOLE 1024 690 487.09 487.09 512 345
351 PINHOLE 1024 690 487.09 487.09 512 345
352 PINHOLE 1024 690 487.09 487.09 512 345
353 PINHOLE 1024 690 487.09 487.09 512 345
354 PINHOLE 1024 690 487.09 487.09 512 345
355 PINHOLE 1024 690 487.09 487.09 512 345
356 PINHOLE 1024 690 487.09 487.09 512 345
357 PINHOLE 1024 690 487.09 487.09 512 345
358 PINHOLE 1024 690 487.09 487.09 512 345
359 PINHOLE 1024 690 487.09 487.09 512 345
360 PINHOLE 1024 690 487.09 487.09 512 345
361 PINHOLE 1024 690 487.09 487.09 512 345
362 PINHOLE 1024 690 487.09 487.09 512 345
363 PINHOLE 1024 690 487.09 487.09 512 345
364 PINHOLE 1024 690 487.09 487.09 512 345
365 PINHOLE 1024 690 487.09 487.09 512 345
366 PINHOLE 1024 690 487.09 487.09 512 345
367 PINHOLE 1024 690 487.09 487.09 512 345
368 PINHOLE 1024 690 487.09 487.09 512 345
369 PINHOLE 1024 690 487.09 487.09 512 345
370 PINHOLE 1024 690 487.09 487.09 512 345
371 PINHOLE 1024 690 487.09 487.09 512 345
372 PINHOLE 1024 690 487.09 487.09 512 345
373 PINHOLE 1024 690 487.09 487.09 512 345
374 PINHOLE 1024 690 487.09 487.09 512 345
375 PINHOLE 1024 690 487.09 487.09 512 345
376 PINHOLE 1024 690 487.09 487.09 512 345
377 PINHOLE 1024 690 487.09 487.09 512 345
378 PINHOLE 1024 690 487.09 487.09 512 345
379 PINHOLE 1024 690 487.09 487.09 512 345
380 PINHOLE 1024 690 487.09 487.09 512 345
381 PINHOLE 1024 690 487.09 487.09 512 345
382 PINHOLE 1024 690 487.09 487.09 512 345
383 PINHOLE 1024 690 487.09 487.09 512 345
384 PINHOLE 1024 690 487.09 487.09 512 345
385 PINHOLE 1024 690 487.09 487.09 512 345
386 PINHOLE 1024 690 487.09 487.09 512 345
387 PINHOLE 1024 690 487.09 487.09 512 345
388 PINHOLE 1024 690 487.09 487.09 512 345
389 PINHOLE 1024 690 487.09 487.09 512 345
390 PINHOLE 1024 690 487.09 487.09 512 345
391 PINHOLE 1024 690 487.09 487.09 512 345
392 PINHOLE 1024 690 487.09 487.09 512 345
393 PINHOLE 1024 690 487.09 487.09 512 345
394 PINHOLE 1024 690 487.09 487.09 512 345
395 PINHOLE 1024 690 487.09 487.09 512 345
396 PINHOLE 1024 690 487.09 487.09 512 345
397 PINHOLE 1024 690 487.09 487.09 512 345
398 PINHOLE 1024 690 487.09 487.09 512 345
399 PINHOLE 1024 690 487.09 487.09 512 345
400 PINHOLE 1024 690 487.09 487.09 512 345
401 PINHOLE 1024 690 487.09 487.09 512 345
402 PINHOLE 1024 690 487.09 487.09 512 345
403 PINHOLE 1024 690 487.09 487.09 512 345
404 PINHOLE 1024 690 487.09 487.09 512 345
405 PINHOLE 1024 690 487.09 487.09 512 345
406 PINHOLE 1024 690 487.09 487.09 512 345
407 PINHOLE 1024 690 487.09 487.09 512 345
408 PINHOLE 1024 690 487.09 487.09 512 345
409 PINHOLE 1024 690 487.09 487.09 512 345
410 PINHOLE 1024 690 487.09 487.09 512 345
411 PINHOLE 1024 690 487.09 487.09 512 345
412 PINHOLE 1024 690 487.09 487.09 512 345
413 PINHOLE 1024 690 487.09 487.09 512 345
414 PINHOLE 1024 690 487.09 487.09 512 345
415 PINHOLE 1024 690 487.09 487.09 512 345
416 PINHOLE 1024 690 487.09 487.09 512 345
417 PINHOLE 1024 690 487.09 487.09 512 345
418 PINHOLE 1024 690 487.09 487.09 512 345
419 PINHOLE 1024 690 487.09 487.09 512 345
420 PINHOLE 1024 690 487.09 487.09 512 345
421 PINHOLE 1024 690 487.09 487.09 512 345
422 PINHOLE 1024 690 487.09 487.09 512 345
423 PINHOLE 1024 690 487.09 487.09 512 345
424 PINHOLE 1024 690 487.09 487.09 512 345
425 PINHOLE 1024 690 487.09 487.09 512 345
426 PINHOLE 1024 690 487.09 487.09 512 345
427 PINHOLE 1024 690 487.09 487.09 512 345
428 PINHOLE 1024 690 487.09 487.09 512 345
429 PINHOLE 1024 690 487.09 487.09 512 345
430 PINHOLE 1024 690 487.09 487.09 512 345
431 PINHOLE 1024 690 487.09 487.09 512 345
432 PINHOLE 1024 690 487.09 487.09 512 345
433 PINHOLE 1024 690 487.09 487.09 512 345
434 PINHOLE 1024 690 487.09 487.09 512 345
435 PINHOLE 1024 690 487.09 487.09 512 345
436 PINHOLE 1024 690 487.09 487.09 512 345
437 PINHOLE 1024 690 487.09 487.09 512 345
438 PINHOLE 1024 690 487.09 487.09 512 345
439 PINHOLE 1024 690 487.09 487.09 512 345
440 PINHOLE 1024 690 487.09 487.09 512 345
441 PINHOLE 1024 690 487.09 487.09 512 345
442 PINHOLE 1024 690 487.09 487.09 512 345
443 PINHOLE 1024 690 487.09 487.09 512 345
444 PINHOLE 1024 690 487.09 487.09 512 345
445 PINHOLE 1024 690 487.09 487.09 512 345
446 PINHOLE 1024 690 487.09 487.09 512 345
447 PINHOLE 1024 690 487.09 487.09 512 345
448 PINHOLE 1024 690 487.09 487.09 512 345
449 PINHOLE 1024 690 487.09 487.09 512 345
450 PINHOLE 1024 690 487.09 487.09 512 345
451 PINHOLE 1024 690 487.09 487.09 512 345
452 PINHOLE 1024 690 487.09 487.09 512 345
453 PINHOLE 1024 690 487.09 487.09 512 345
454 PINHOLE 1024 690 487.09 487.09 512 345
455 PINHOLE 1024 690 487.09 487.09 512 345
456 PINHOLE 1024 690 487.09 487.09 512 345
457 PINHOLE 1024 690 487.09 487.09 512 345
458 PINHOLE 1024 690 487.09 487.09 512 345
459 PINHOLE 1024 690 487.09 487.09 512 345
460 PINHOLE 1024 690 487.09 487.09 512 345
461 PINHOLE 1024 690 487.09 487.09 512 345
462 PINHOLE 1024 690 487.09 487.09 512 345
463 PINHOLE 1024 690 487.09 487.09 512 345
464 PINHOLE 1024 690 487.09 487.09 512 345
465 PINHOLE 1024 690 487.09 487.09 512 345
466 PINHOLE 1024 690 487.09 487.09 512 345
467 PINHOLE 1024 690 487.09 487.09 512 345
468 PINHOLE 1024 690 487.09 487.09 512 345
469 PINHOLE 1024 690 487.09 487.09 512 345
470 PINHOLE 1024 690 487.09 487.09 512 345
471 PINHOLE 1024 690 487.09 487.09 512 345
472 PINHOLE 1024 690 487.09 487.09 512 345
473 PINHOLE 1024 690 487.09 487.09 512 345
474 PINHOLE 1024 690 487.09 487.09 512 345
475 PINHOLE 1024 690 487.09 487.09 512 345
476 PINHOLE 1024 690 487.09 487.09 512 345
477 PINHOLE 1024 690 487.09 487.09 512 345
478 PINHOLE 1024 690 487.09 487.09 512 345
479 PINHOLE 1024 690 487.09 487.09 512 345
480 PINHOLE 1024 690 487.09 487.09 512 345
481 PINHOLE 1024 690 487.09 487.09 512 345
482 PINHOLE 1024 690 487.09 487.09 512 345
483 PINHOLE 1024 690 487.09 487.09 512 345
484 PINHOLE 1024 690 487.09 487.09 512 345
485 PINHOLE 1024 690 487.09 487.09 512 345
486 PINHOLE 1024 690 487.09 487.09 512 345
487 PINHOLE 1024 690 487.09 487.09 512 345
488 PINHOLE 1024 690 487.09 487.09 512 345
489 PINHOLE 1024 690 487.09 487.09 512 345
490 PINHOLE 1024 690 487.09 487.09 512 345
491 PINHOLE 1024 690 487.09 487.09 512 345
492 PINHOLE 1024 690 487.09 487.09 512 345
493 PINHOLE 1024 690 487.09 487.09 512 345
494 PINHOLE 1024 690 487.09 487.09 512 345
495 PINHOLE 1024 690 487.09 487.09 512 345
496 PINHOLE 1024 690 487.09 487.09 512 345
497 PINHOLE 1024 690 487.09 487.09 512 345
498 PINHOLE 1024 690 487.09 487.09 512 345
499 PINHOLE 1024 690 487.09 487.09 512 345
500 PINHOLE 1024 690 487.09 487.09 512 345
501 PINHOLE 1024 690 487.09 487.09 512 345
502 PINHOLE 1024 690 487.09 487.09 512 345
503 PINHOLE 1024 690 487.09 487.09 512 345
504 PINHOLE 1024 690 487.09 487.09 512 345
505 PINHOLE 1024 690 487.09 487.09 512 345
506 PINHOLE 1024 690 487.09 487.09 512 345
507 PINHOLE 1024 690 487.09 487.09 512 345
508 PINHOLE 1024 690 487.09 487.09 512 345
509 PINHOLE 1024 690 487.09 487.09 512 345
510 PINHOLE 1024 690 487.09 487.09 512 345
511 PINHOLE 1024 690 487.09 487.09 512 345
512 PINHOLE 1024 690 487.09 487.09 512 345
513 PINHOLE 1024 690 487.09 487.09 512 345
514 PINHOLE 1024 690 487.09 487.09 512 345
515 PINHOLE 1024 690 487.09 487.09 512 345
516 PINHOLE 1024 690 487.09 487.09 512 345
517 PINHOLE 1024 690 487.09 487.09 512 345
518 PINHOLE 1024 690 487.09 487.09 512 345
519 PINHOLE 1024 690 487.09 487.09 512 345
520 PINHOLE 1024 690 487.09 487.09 512 345
521 PINHOLE 1024 690 487.09 487.09 512 345
522 PINHOLE 1024 690 487.09 487.09 512 345
523 PINHOLE 1024 690 487.09 487.09 512 345
524 PINHOLE 1024 690 487.09 487.09 512 345
525 PINHOLE 1024 690 487.09 487.09 512 345
526 PINHOLE 1024 690 487.09 487.09 512 345
527 PINHOLE 1024 690 487.09 487.09 512 345
528 PINHOLE 1024 690 487.09 487.09 512 345
529 PINHOLE 1024 690 487.09 487.09 512 345
530 PINHOLE 1024 690 487.09 487.09 512 345
531 PINHOLE 1024 690 487.09 487.09 512 345
532 PINHOLE 1024 690 487.09 487.09 512 345
533 PINHOLE 1024 690 487.09 487.09 512 345
534 PINHOLE 1024 690 487.09 487.09 512 345
535 PINHOLE 1024 690 487.09 487.09 512 345
536 PINHOLE 1024 690 487.09 487.09 512 345
537 PINHOLE 1024 690 487.09 487.09 512 345
538 PINHOLE 1024 690 487.09 487.09 512 345
539 PINHOLE 1024 690 487.09 487.09 512 345
540 PINHOLE 1024 690 487.09 487.09 512 345
541 PINHOLE 1024 690 487.09 487.09 512 345
542 PINHOLE 1024 690 487.09 487.09 512 345
543 PINHOLE 1024 690 487.09 487.09 512 345
544 PINHOLE 1024 690 487.09 487.09 512 345
545 PINHOLE 1024 690 487.09 487.09 512 345
546 PINHOLE 1024 690 487.09 487.09 512 345
547 PINHOLE 1024 690 487.09 487.09 512 345
548 PINHOLE 1024 690 487.09 487.09 512 345
549 PINHOLE 1024 690 487.09 487.09 512 345
550 PINHOLE 1024 690 487.09 487.09 512 345
551 PINHOLE 1024 690 487.09 487.09 512 345
552 PINHOLE 1024 690 487.09 487.09 512 345
553 PINHOLE 1024 690 487.09 487.09 512 345
554 PINHOLE 1024 690 487.09 487.09 512 345
555 PINHOLE 1024 690 487.09 487.09 512 345
556 PINHOLE 1024 690 487.09 487.09 512 345
557 PINHOLE 1024 690 487.09 487.09 512 345
558 PINHOLE 1024 690 487.09 487.09 512 345
559 PINHOLE 1024 690 487.09 487.09 512 345
560 PINHOLE 1024 690 487.09 487.09 512 345
561 PINHOLE 1024 690 487.09 487.09 512 345
562 PINHOLE 1024 690 487.09 487.09 512 345
563 PINHOLE 1024 690 487.09 487.09 512 345
564 PINHOLE 1024 690 487.09 487.09 512 345
565 PINHOLE 1024 690 487.09 487.09 512 345
566 PINHOLE 1024 690 487.09 487.09 512 345
567 PINHOLE 1024 690 487.09 487.09 512 345
568 PINHOLE 1024 690 487.09 487.09 512 345
569 PINHOLE 1024 690 487.09 487.09 512 345
570 PINHOLE 1024 690 487.09 487.09 512 345
571 PINHOLE 1024 690 487.09 487.09 512 345
572 PINHOLE 1024 690 487.09 487.09 512 345
573 PINHOLE 1024 690 487.09 487.09 512 345
574 PINHOLE 1024 690 487.09 487.09 512 345
575 PINHOLE 1024 690 487.09 487.09 512 345
576 PINHOLE 1024 690 487.09 487.09 512 345
577 PINHOLE 1024 690 487.09 487.09 512 345
578 PINHOLE 1024 690 487.09 487.09 512 345
579 PINHOLE 1024 690 487.09 487.09 512 345
580 PINHOLE 1024 690 487.09 487.09 512 345
581 PINHOLE 1024 690 487.09 487.09 512 345
582 PINHOLE 1024 690 487.09 487.09 512 345
583 PINHOLE 1024 690 487.09 487.09 512 345
584 PINHOLE 1024 690 487.09 487.09 512 345
585 PINHOLE 1024 690 487.09 487.09 512 345
586 PINHOLE 1024 690 487.09 487.09 512 345
587 PINHOLE 1024 690 487.09 487.09 512 345
588 PINHOLE 1024 690 487.09 487.09 512 345
589 PINHOLE 1024 690 487.09 487.09 512 345
590 PINHOLE 1024 690 487.09 487.09 512 345
591 PINHOLE 1024 690 487.09 487.09 512 345
592 PINHOLE 1024 690 487.09 487.09 512 345
593 PINHOLE 1024 690 487.09 487.09 512 345
594 PINHOLE 1024 690 487.09 487.09 512 345
595 PINHOLE 1024 690 487.09 487.09 512 345
596 PINHOLE 1024 690 487.09 487.09 512 345
597 PINHOLE 1024 690 487.09 487.09 512 345
598 PINHOLE 1024 690 487.09 487.09 512 345
599 PINHOLE 1024 690 487.09 487.09 512 345
600 PINHOLE 1024 690 487.09 487.09 512 345
601 PINHOLE 1024 690 487.09 487.09 512 345
602 PINHOLE 1024 690 487.09 487.09 512 345
603 PINHOLE 1024 690 487.09 487.09 512 345
604 PINHOLE 1024 690 487.09 487.09 512 345
605 PINHOLE 1024 690 487.09 487.09 512 345
606 PINHOLE 1024 690 487.09 487.09 512 345
607 PINHOLE 1024 690 487.09 487.09 512 345
608 PINHOLE 1024 690 487.09 487.09 512 345
609 PINHOLE 1024 690 487.09 487.09 512 345
610 PINHOLE 1024 690 487.09 487.09 512 345
611 PINHOLE 1024 690 487.09 487.09 512 345
612 PINHOLE 1024 690 487.09 487.09 512 345
613 PINHOLE 1024 690 487.09 487.09 512 345
614 PINHOLE 1024 690 487.09 487.09 512 345
615 PINHOLE 1024 690 487.09 487.09 512 345
616 PINHOLE 1024 690 487.09 487.09 512 345
617 PINHOLE 1024 690 487.09 487.09 512 345
618 PINHOLE 1024 690 487.09 487.09 512 345
619 PINHOLE 1024 690 487.09 487.09 512 345
620 PINHOLE 1024 690 487.09 487.09 512 345
621 PINHOLE 1024 690 487.09 487.09 512 345
622 PINHOLE 1024 690 487.09 487.09 512 345
623 PINHOLE 1024 690 487.09 487.09 512 345
624 PINHOLE 1024 690 487.09 487.09 512 345
625 PINHOLE 1024 690 487.09 487.09 512 345
626 PINHOLE 1024 690 487.09 487.09 512 345
627 PINHOLE 1024 690 487.09 487.09 512 345
628 PINHOLE 1024 690 487.09 487.09 512 345
629 PINHOLE 1024 690 487.09 487.09 512 345
630 PINHOLE 1024 690 487.09 487.09 512 345
631 PINHOLE 1024 690 487.09 487.09 512 345
632 PINHOLE 1024 690 487.09 487.09 512 345
633 PINHOLE 1024 690 487.09 487.09 512 345
634 PINHOLE 1024 690 487.09 487.09 512 345
635 PINHOLE 1024 690 487.09 487.09 512 345
636 PINHOLE 1024 690 487.09 487.09 512 345
637 PINHOLE 1024 690 487.09 487.09 512 345
638 PINHOLE 1024 690 487.09 487.09 512 345
639 PINHOLE 1024 690 487.09 487.09 512 345
640 PINHOLE 1024 690 487.09 487.09 512 345
641 PINHOLE 1024 690 487.09 487.09 512 345
642 PINHOLE 1024 690 487.09 487.09 512 345
643 PINHOLE 1024 690 487.09 487.09 512 345
644 PINHOLE 1024 690 487.09 487.09 512 345
645 PINHOLE 1024 690 487.09 487.09 512 345
646 PINHOLE 1024 690 487.09 487.09 512 345
647 PINHOLE 1024 690 487.09 487.09 512 345
648 PINHOLE 1024 690 487.09 487.09 512 345
649 PINHOLE 1024 690 487.09 487.09 512 345
650 PINHOLE 1024 690 487.09 487.09 512 345
651 PINHOLE 1024 690 487.09 487.09 512 345
652 PINHOLE 1024 690 487.09 487.09 512 345
653 PINHOLE 1024 690 487.09 487.09 512 345
654 PINHOLE 1024 690 487.09 487.09 512 345
655 PINHOLE 1024 690 487.09 487.09 512 345
656 PINHOLE 1024 690 487.09 487.09 512 345
657 PINHOLE 1024 690 487.09 487.09 512 345
658 PINHOLE 1024 690 487.09 487.09 512 345
659 PINHOLE 1024 690 487.09 487.09 512 345
660 PINHOLE 1024 690 487.09 487.09 512 345
661 PINHOLE 1024 690 487.09 487.09 512 345
662 PINHOLE 1024 690 487.09 487.09 512 345
663 PINHOLE 1024 690 487.09 487.09 512 345
664 PINHOLE 1024 690 487.09 487.09 512 345
665 PINHOLE 1024 690 487.09 487.09 512 345
666 PINHOLE 1024 690 487.09 487.09 512 345
667 PINHOLE 1024 690 487.09 487.09 512 345
668 PINHOLE 1024 690 487.09 487.09 512 345
669 PINHOLE 1024 690 487.09 487.09 512 345
670 PINHOLE 1024 690 487.09 487.09 512 345
671 PINHOLE 1024 690 487.09 487.09 512 345
672 PINHOLE 1024 690 487.09 487.09 512 345
673 PINHOLE 1024 690 487.09 487.09 512 345
674 PINHOLE 1024 690 487.09 487.09 512 345
675 PINHOLE 1024 690 487.09 487.09 512 345
676 PINHOLE 1024 690 487.09 487.09 512 345
677 PINHOLE 1024 690 487.09 487.09 512 345
678 PINHOLE 1024 690 487.09 487.09 512 345
679 PINHOLE 1024 690 487.09 487.09 512 345
680 PINHOLE 1024 690 487.09 487.09 512 345
681 PINHOLE 1024 690 487.09 487.09 512 345
682 PINHOLE 1024 690 487.09 487.09 512 345
683 PINHOLE 1024 690 487.09 487.09 512 345
684 PINHOLE 1024 690 487.09 487.09 512 345
685 PINHOLE 1024 690 487.09 487.09 512 345
686 PINHOLE 1024 690 487.09 487.09 512 345
687 PINHOLE 1024 690 487.09 487.09 512 345
688 PINHOLE 1024 690 487.09 487.09 512 345
689 PINHOLE 1024 690 487.09 487.09 512 345
690 PINHOLE 1024 690 487.09 487.09 512 345
691 PINHOLE 1024 690 487.09 487.09 512 345
692 PINHOLE 1024 690 487.09 487.09 512 345
693 PINHOLE 1024 690 487.09 487.09 512 345
694 PINHOLE 1024 690 487.09 487.09 512 345
695 PINHOLE 1024 690 487.09 487.09 512 345
696 PINHOLE 1024 690 487.09 487.09 512 345
697 PINHOLE 1024 690 487.09 487.09 512 345
698 PINHOLE 1024 690 487.09 487.09 512 345
699 PINHOLE 1024 690 487.09 487.09 512 345
700 PINHOLE 1024 690 487.09 487.09 512 345
701 PINHOLE 1024 690 487.09 487.09 512 345
702 PINHOLE 1024 690 487.09 487.09 512 345
703 PINHOLE 1024 690 487.09 487.09 512 345
704 PINHOLE 1024 690 487.09 487.09 512 345
705 PINHOLE 1024 690 487.09 487.09 512 345
706 PINHOLE 1024 690 487.09 487.09 512 345
707 PINHOLE 1024 690 487.09 487.09 512 345
708 PINHOLE 1024 690 487.09 487.09 512 345
709 PINHOLE 1024 690 487.09 487.09 512 345
710 PINHOLE 1024 690 487.09 487.09 512 345
711 PINHOLE 1024 690 487.09 487.09 512 345
712 PINHOLE 1024 690 487.09 487.09 512 345
713 PINHOLE 1024 690 487.09 487.09 512 345
714 PINHOLE 1024 690 487.09 487.09 512 345
715 PINHOLE 1024 690 487.09 487.09 512 345
716 PINHOLE 1024 690 487.09 487.09 512 345
717 PINHOLE 1024 690 487.09 487.09 512 345
718 PINHOLE 1024 690 487.09 487.09 512 345
719 PINHOLE 1024 690 487.09 487.09 512 345
720 PINHOLE 1024 690 487.09 487.09 512 345
721 PINHOLE 1024 690 487.09 487.09 512 345
722 PINHOLE 1024 690 487.09 487.09 512 345
723 PINHOLE 1024 690 487.09 487.09 512 345
724 PINHOLE 1024 690 487.09 487.09 512 345
725 PINHOLE 1024 690 487.09 487.09 512 345
726 PINHOLE 1024 690 487.09 487.09 512 345
727 PINHOLE 1024 690 487.09 487.09 512 345
728 PINHOLE 1024 690 487.09 487.09 512 345
729 PINHOLE 1024 690 487.09 487.09 512 345
730 PINHOLE 1024 690 487.09 487.09 512 345
731 PINHOLE 1024 690 487.09 487.09 512 345
732 PINHOLE 1024 690 487.09 487.09 512 345
733 PINHOLE 1024 690 487.09 487.09 512 345
734 PINHOLE 1024 690 487.09 487.09 512 345
735 PINHOLE 1024 690 487.09 487.09 512 345
736 PINHOLE 1024 690 487.09 487.09 512 345
737 PINHOLE 1024 690 487.09 487.09 512 345
738 PINHOLE 1024 690 487.09 487.09 512 345
739 PINHOLE 1024 690 487.09 487.09 512 345
740 PINHOLE 1024 690 487.09 487.09 512 345
741 PINHOLE 1024 690 487.09 487.09 512 345
742 PINHOLE 1024 690 487.09 487.09 512 345
743 PINHOLE 1024 690 487.09 487.09 512 345
744 PINHOLE 1024 690 487.09 487.09 512 345
745 PINHOLE 1024 690 487.09 487.09 512 345
746 PINHOLE 1024 690 487.09 487.09 512 345
747 PINHOLE 1024 690 487.09 487.09 512 345
748 PINHOLE 1024 690 487.09 487.09 512 345
749 PINHOLE 1024 690 487.09 487.09 512 345
750 PINHOLE 1024 690 487.09 487.09 512 345
751 PINHOLE 1024 690 487.09 487.09 512 345
752 PINHOLE 1024 690 487.09 487.09 512 345
753 PINHOLE 1024 690 487.09 487.09 512 345
754 PINHOLE 1024 690 487.09 487.09 512 345
755 PINHOLE 1024 690 487.09 487.09 512 345
756 PINHOLE 1024 690 487.09 487.09 512 345
757 PINHOLE 1024 690 487.09 487.09 512 345
758 PINHOLE 1024 690 487.09 487.09 512 345
759 PINHOLE 1024 690 487.09 487.09 512 345
760 PINHOLE 1024 690 487.09 487.09 512 345
761 PINHOLE 1024 690 487.09 487.09 512 345
762 PINHOLE 1024 690 487.09 487.09 512 345
763 PINHOLE 1024 690 487.09 487.09 512 345
764 PINHOLE 1024 690 487.09 487.09 512 345
765 PINHOLE 1024 690 487.09 487.09 512 345
766 PINHOLE 1024 690 487.09 487.09 512 345
767 PINHOLE 1024 690 487.09 487.09 512 345
768 PINHOLE 1024 690 487.09 487.09 512 345
769 PINHOLE 1024 690 487.09 487.09 512 345
770 PINHOLE 1024 690 487.09 487.09 512 345
771 PINHOLE 1024 690 487.09 487.09 512 345
772 PINHOLE 1024 690 487.09 487.09 512 345
773 PINHOLE 1024 690 487.09 487.09 512 345
774 PINHOLE 1024 690 487.09 487.09 512 345
775 PINHOLE 1024 690 487.09 487.09 512 345
776 PINHOLE 1024 690 487.09 487.09 512 345
777 PINHOLE 1024 690 487.09 487.09 512 345
778 PINHOLE 1024 690 487.09 487.09 512 345
779 PINHOLE 1024 690 487.09 487.09 512 345
780 PINHOLE 1024 690 487.09 487.09 512 345
781 PINHOLE 1024 690 487.09 487.09 512 345
782 PINHOLE 1024 690 487.09 487.09 512 345
783 PINHOLE 1024 690 487.09 487.09 512 345
784 PINHOLE 1024 690 487.09 487.09 512 345
785 PINHOLE 1024 690 487.09 487.09 512 345
786 PINHOLE 1024 690 487.09 487.09 512 345
787 PINHOLE 1024 690 487.09 487.09 512 345
788 PINHOLE 1024 690 487.09 487.09 512 345
789 PINHOLE 1024 690 487.09 487.09 512 345
790 PINHOLE 1024 690 487.09 487.09 512 345
791 PINHOLE 1024 690 487.09 487.09 512 345
792 PINHOLE 1024 690 487.09 487.09 512 345
793 PINHOLE 1024 690 487.09 487.09 512 345
794 PINHOLE 1024 690 487.09 487.09 512 345
795 PINHOLE 1024 690 487.09 487.09 512 345
796 PINHOLE 1024 690 487.09 487.09 512 345
797 PINHOLE 1024 690 487.09 487.09 512 345
798 PINHOLE 1024 690 487.09 487.09 512 345
799 PINHOLE 1024 690 487.09 487.09 512 345
800 PINHOLE 1024 690 487.09 487.09 512 345
801 PINHOLE 1024 690 487.09 487.09 512 345
802 PINHOLE 1024 690 487.09 487.09 512 345
803 PINHOLE 1024 690 487.09 487.09 512 345
804 PINHOLE 1024 690 487.09 487.09 512 345
805 PINHOLE 1024 690 487.09 487.09 512 345
806 PINHOLE 1024 690 487.09 487.09 512 345
807 PINHOLE 1024 690 487.09 487.09 512 345
808 PINHOLE 1024 690 487.09 487.09 512 345
809 PINHOLE 1024 690 487.09 487.09 512 345
810 PINHOLE 1024 690 487.09 487.09 512 345
811 PINHOLE 1024 690 487.09 487.09 512 345
812 PINHOLE 1024 690 487.09 487.09 512 345
813 PINHOLE 1024 690 487.09 487.09 512 345
814 PINHOLE 1024 690 487.09 487.09 512 345
815 PINHOLE 1024 690 487.09 487.09 512 345
816 PINHOLE 1024 690 487.09 487.09 512 345
817 PINHOLE 1024 690 487.09 487.09 512 345
818 PINHOLE 1024 690 487.09 487.09 512 345
819 PINHOLE 1024 690 487.09 487.09 512 345
820 PINHOLE 1024 690 487.09 487.09 512 345
821 PINHOLE 1024 690 487.09 487.09 512 345
822 PINHOLE 1024 690 487.09 487.09 512 345
823 PINHOLE 1024 690 487.09 487.09 512 345
824 PINHOLE 1024 690 487.09 487.09 512 345
825 PINHOLE 1024 690 487.09 487.09 512 345
826 PINHOLE 1024 690 487.09 487.09 512 345
827 PINHOLE 1024 690 487.09 487.09 512 345
828 PINHOLE 1024 690 487.09 487.09 512 345
829 PINHOLE 1024 690 487.09 487.09 512 345
830 PINHOLE 1024 690 487.09 487.09 512 345
831 PINHOLE 1024 690 487.09 487.09 512 345
832 PINHOLE 1024 690 487.09 487.09 512 345
833 PINHOLE 1024 690 487.09 487.09 512 345
834 PINHOLE 1024 690 487.09 487.09 512 345
835 PINHOLE 1024 690 487.09 487.09 512 345
836 PINHOLE 1024 690 487.09 487.09 512 345
837 PINHOLE 1024 690 487.09 487.09 512 345
838 PINHOLE 1024 690 487.09 487.09 512 345
839 PINHOLE 1024 690 487.09 487.09 512 345
840 PINHOLE 1024 690 487.09 487.09 512 345
841 PINHOLE 1024 690 487.09 487.09 512 345
842 PINHOLE 1024 690 487.09 487.09 512 345
843 PINHOLE 1024 690 487.09 487.09 512 345
844 PINHOLE 1024 690 487.09 487.09 512 345
845 PINHOLE 1024 690 487.09 487.09 512 345
846 PINHOLE 1024 690 487.09 487.09 512 345
847 PINHOLE 1024 690 487.09 487.09 512 345
848 PINHOLE 1024 690 487.09 487.09 512 345
849 PINHOLE 1024 690 487.09 487.09 512 345
850 PINHOLE 1024 690 487.09 487.09 512 345
851 PINHOLE 1024 690 487.09 487.09 512 345
852 PINHOLE 1024 690 487.09 487.09 512 345
853 PINHOLE 1024 690 487.09 487.09 512 345
854 PINHOLE 1024 690 487.09 487.09 512 345
855 PINHOLE 1024 690 487.09 487.09 512 345
856 PINHOLE 1024 690 487.09 487.09 512 345
857 PINHOLE 1024 690 487.09 487.09 512 345
858 PINHOLE 1024 690 487.09 487.09 512 345
859 PINHOLE 1024 690 487.09 487.09 512 345
860 PINHOLE 1024 690 487.09 487.09 512 345
861 PINHOLE 1024 690 487.09 487.09 512 345
862 PINHOLE 1024 690 487.09 487.09 512 345
863 PINHOLE 1024 690 487.09 487.09 512 345
864 PINHOLE 1024 690 487.09 487.09 512 345
865 PINHOLE 1024 690 487.09 487.09 512 345
866 PINHOLE 1024 690 487.09 487.09 512 345
867 PINHOLE 1024 690 487.09 487.09 512 345
868 PINHOLE 1024 690 487.09 487.09 512 345
869 PINHOLE 1024 690 487.09 487.09 512 345
870 PINHOLE 1024 690 487.09 487.09 512 345
871 PINHOLE 1024 690 487.09 487.09 512 345
872 PINHOLE 1024 690 487.09 487.09 512 345
873 PINHOLE 1024 690 487.09 487.09 512 345
874 PINHOLE 1024 690 487.09 487.09 512 345
875 PINHOLE 1024 690 487.09 487.09 512 345
876 PINHOLE 1024 690 487.09 487.09 512 345
877 PINHOLE 1024 690 487.09 487.09 512 345
878 PINHOLE 1024 690 487.09 487.09 512 345
879 PINHOLE 1024 690 487.09 487.09 512 345
880 PINHOLE 1024 690 487.09 487.09 512 345
881 PINHOLE 1024 690 487.09 487.09 512 345
882 PINHOLE 1024 690 487.09 487.09 512 345
883 PINHOLE 1024 690 487.09 487.09 512 345
884 PINHOLE 1024 690 487.09 487.09 512 345
885 PINHOLE 1024 690 487.09 487.09 512 345
886 PINHOLE 1024 690 487.09 487.09 512 345
887 PINHOLE 1024 690 487.09 487.09 512 345
888 PINHOLE 1024 690 487.09 487.09 512 345
889 PINHOLE 1024 690 487.09 487.09 512 345
890 PINHOLE 1024 690 487.09 487.09 512 345
891 PINHOLE 1024 690 487.09 487.09 512 345
892 PINHOLE 1024 690 487.09 487.09 512 345
893 PINHOLE 1024 690 487.09 487.09 512 345
894 PINHOLE 1024 690 487.09 487.09 512 345
895 PINHOLE 1024 690 487.09 487.09 512 345
896 PINHOLE 1024 690 487.09 487.09 512 345
897 PINHOLE 1024 690 487.09 487.09 512 345
898 PINHOLE 1024 690 487.09 487.09 512 345
899 PINHOLE 1024 690 487.09 487.09 512 345
900 PINHOLE 1024 690 487.09 487.09 512 345
901 PINHOLE 1024 690 487.09 487.09 512 345
902 PINHOLE 1024 690 487.09 487.09 512 345
903 PINHOLE 1024 690 487.09 487.09 512 345
904 PINHOLE 1024 690 487.09 487.09 512 345
905 PINHOLE 1024 690 487.09 487.09 512 345
906 PINHOLE 1024 690 487.09 487.09 512 345
907 PINHOLE 1024 690 487.09 487.09 512 345
908 PINHOLE 1024 690 487.09 487.09 512 345
909 PINHOLE 1024 690 487.09 487.09 512 345
910 PINHOLE 1024 690 487.09 487.09 512 345
911 PINHOLE 1024 690 487.09 487.09 512 345
912 PINHOLE 1024 690 487.09 487.09 512 345
913 PINHOLE 1024 690 487.09 487.09 512 345
914 PINHOLE 1024 690 487.09 487.09 512 345
915 PINHOLE 1024 690 487.09 487.09 512 345
916 PINHOLE 1024 690 487.09 487.09 512 345
917 PINHOLE 1024 690 487.09 487.09 512 345
918 PINHOLE 1024 690 487.09 487.09 512 345
919 PINHOLE 1024 690 487.09 487.09 512 345
920 PINHOLE 1024 690 487.09 487.09 512 345
921 PINHOLE 1024 690 487.09 487.09 512 345
922 PINHOLE 1024 690 487.09 487.09 512 345
923 PINHOLE 1024 690 487.09 487.09 512 345
924 PINHOLE 1024 690 487.09 487.09 512 345
925 PINHOLE 1024 690 487.09 487.09 512 345
926 PINHOLE 1024 690 487.09 487.09 512 345
927 PINHOLE 1024 690 487.09 487.09 512 345
928 PINHOLE 1024 690 487.09 487.09 512 345
929 PINHOLE 1024 690 487.09 487.09 512 345
930 PINHOLE 1024 690 487.09 487.09 512 345
931 PINHOLE 1024 690 487.09 487.09 512 345
932 PINHOLE 1024 690 487.09 487.09 512 345
933 PINHOLE 1024 690 487.09 487.09 512 345
934 PINHOLE 1024 690 487.09 487.09 512 345
935 PINHOLE 1024 690 487.09 487.09 512 345
936 PINHOLE 1024 690 487.09 487.09 512 345
937 PINHOLE 1024 690 487.09 487.09 512 345
938 PINHOLE 1024 690 487.09 487.09 512 345
939 PINHOLE 1024 690 487.09 487.09 512 345
940 PINHOLE 1024 690 487.09 487.09 512 345
941 PINHOLE 1024 690 487.09 487.09 512 345
942 PINHOLE 1024 690 487.09 487.09 512 345
943 PINHOLE 1024 690 487.09 487.09 512 345
944 PINHOLE 1024 690 487.09 487.09 512 345
945 PINHOLE 1024 690 487.09 487.09 512 345
946 PINHOLE 1024 690 487.09 487.09 512 345
947 PINHOLE 1024 690 487.09 487.09 512 345
948 PINHOLE 1024 690 487.09 487.09 512 345
949 PINHOLE 1024 690 487.09 487.09 512 345
950 PINHOLE 1024 690 487.09 487.09 512 345
951 PINHOLE 1024 690 487.09 487.09 512 345
952 PINHOLE 1024 690 487.09 487.09 512 345
953 PINHOLE 1024 690 487.09 487.09 512 345
954 PINHOLE 1024 690 487.09 487.09 512 345
955 PINHOLE 1024 690 487.09 487.09 512 345
956 PINHOLE 1024 690 487.09 487.09 512 345
957 PINHOLE 1024 690 487.09 487.09 512 345
958 PINHOLE 1024 690 487.09 487.09 512 345
959 PINHOLE 1024 690 487.09 487.09 512 345
960 PINHOLE 1024 690 487.09 487.09 512 345
961 PINHOLE 1024 690 487.09 487.09 512 345
962 PINHOLE 1024 690 487.09 487.09 512 345
963 PINHOLE 1024 690 487.09 487.09 512 345
964 PINHOLE 1024 690 487.09 487.09 512 345
965 PINHOLE 1024 690 487.09 487.09 512 345
966 PINHOLE 1024 690 487.09 487.09 512 345
967 PINHOLE 1024 690 487.09 487.09 512 345
968 PINHOLE 1024 690 487.09 487.09 512 345
969 PINHOLE 1024 690 487.09 487.09 512 345
970 PINHOLE 1024 690 487.09 487.09 512 345
971 PINHOLE 1024 690 487.09 487.09 512 345
972 PINHOLE 1024 690 487.09 487.09 512 345
973 PINHOLE 1024 690 487.09 487.09 512 345
974 PINHOLE 1024 690 487.09 487.09 512 345
975 PINHOLE 1024 690 487.09 487.09 512 345
976 PINHOLE 1024 690 487.09 487.09 512 345
977 PINHOLE 1024 690 487.09 487.09 512 345
978 PINHOLE 1024 690 487.09 487.09 512 345
979 PINHOLE 1024 690 487.09 487.09 512 345
980 PINHOLE 1024 690 487.09 487.09 512 345
981 PINHOLE 1024 690 487.09 487.09 512 345
982 PINHOLE 1024 690 487.09 487.09 512 345
983 PINHOLE 1024 690 487.09 487.09 512 345
984 PINHOLE 1024 690 487.09 487.09 512 345
985 PINHOLE 1024 690 487.09 487.09 512 345
986 PINHOLE 1024 690 487.09 487.09 512 345
987 PINHOLE 1024 690 487.09 487.09 512 345
988 PINHOLE 1024 690 487.09 487.09 512 345
989 PINHOLE 1024 690 487.09 487.09 512 345
990 PINHOLE 1024 690 487.09 487.09 512 345
991 PINHOLE 1024 690 487.09 487.09 512 345
992 PINHOLE 1024 690 487.09 487.09 512 345
993 PINHOLE 1024 690 487.09 487.09 512 345
994 PINHOLE 1024 690 487.09 487.09 512 345
995 PINHOLE 1024 690 487.09 487.09 512 345
996 PINHOLE 1024 690 487.09 487.09 512 345
997 PINHOLE 1024 690 487.09 487.09 512 345
998 PINHOLE 1024 690 487.09 487.09 512 345
999 PINHOLE 1024 690 487.09 487.09 512 345
1000 PINHOLE 1024 690 487.09 487.09 512 345
1001 PINHOLE 1024 690 487.09 487.09 512 345
1002 PINHOLE 1024 690 487.09 487.09 512 345
1003 PINHOLE 1024 690 487.09 487.09 512 345
1004 PINHOLE 1024 690 487.09 487.09 512 345
1005 PINHOLE 1024 690 487.09 487.09 512 345
1006 PINHOLE 1024 690 487.09 487.09 512 345
1007 PINHOLE 1024 690 487.09 487.09 512 345
1008 PINHOLE 1024 690 487.09 487.09 512 345
1009 PINHOLE 1024 690 487.09 487.09 512 345
1010 PINHOLE 1024 690 487.09 487.09 512 345
1011 PINHOLE 1024 690 487.09 487.09 512 345
1012 PINHOLE 1024 690 487.09 487.09 512 345
1013 PINHOLE 1024 690 487.09 487.09 512 345
1014 PINHOLE 1024 690 487.09 487.09 512 345
1015 PINHOLE 1024 690 487.09 487.09 512 345
1016 PINHOLE 1024 690 487.09 487.09 512 345
1017 PINHOLE 1024 690 487.09 487.09 512 345
1018 PINHOLE 1024 690 487.09 487.09 512 345
1019 PINHOLE 1024 690 487.09 487.09 512 345
1020 PINHOLE 1024 690 487.09 487.09 512 345
1021 PINHOLE 1024 690 487.09 487.09 512 345
1022 PINHOLE 1024 690 487.09 487.09 512 345
1023 PINHOLE 1024 690 487.09 487.09 512 345
1024 PINHOLE 1024 690 487.09 487.09 512 345
1025 PINHOLE 1024 690 487.09 487.09 512 345
1026 PINHOLE 1024 690 487.09 487.09 512 345
1027 PINHOLE 1024 690 487.09 487.09 512 345
1028 PINHOLE 1024 690 487.09 487.09 512 345
1029 PINHOLE 1024 690 487.09 487.09 512 345
1030 PINHOLE 1024 690 487.09 487.09 512 345
1031 PINHOLE 1024 690 487.09 487.09 512 345
1032 PINHOLE 1024 690 487.09 487.09 512 345
1033 PINHOLE 1024 690 487.09 487.09 512 345
1034 PINHOLE 1024 690 487.09 487.09 512 345
1035 PINHOLE 1024 690 487.09 487.09 512 345
1036 PINHOLE 1024 690 487.09 487.09 512 345
1037 PINHOLE 1024 690 487.09 487.09 512 345
1038 PINHOLE 1024 690 487.09 487.09 512 345
1039 PINHOLE 1024 690 487.09 487.09 512 345
1040 PINHOLE 1024 690 487.09 487.09 512 345
1041 PINHOLE 1024 690 487.09 487.09 512 345
1042 PINHOLE 1024 690 487.09 487.09 512 345
1043 PINHOLE 1024 690 487.09 487.09 512 345
1044 PINHOLE 1024 690 487.09 487.09 512 345
1045 PINHOLE 1024 690 487.09 487.09 512 345
1046 PINHOLE 1024 690 487.09 487.09 512 345
1047 PINHOLE 1024 690 487.09 487.09 512 345
1048 PINHOLE 1024 690 487.09 487.09 512 345
1049 PINHOLE 1024 690 487.09 487.09 512 345
1050 PINHOLE 1024 690 487.09 487.09 512 345
1051 PINHOLE 1024 690 487.09 487.09 512 345
1052 PINHOLE 1024 690 487.09 487.09 512 345
1053 PINHOLE 1024 690 487.09 487.09 512 345
1054 PINHOLE 1024 690 487.09 487.09 512 345
1055 PINHOLE 1024 690 487.09 487.09 512 345
1056 PINHOLE 1024 690 487.09 487.09 512 345
1057 PINHOLE 1024 690 487.09 487.09 512 345
1058 PINHOLE 1024 690 487.09 487.09 512 345
1059 PINHOLE 1024 690 487.09 487.09 512 345
1060 PINHOLE 1024 690 487.09 487.09 512 345
1061 PINHOLE 1024 690 487.09 487.09 512 345
1062 PINHOLE 1024 690 487.09 487.09 512 345
1063 PINHOLE 1024 690 487.09 487.09 512 345
1064 PINHOLE 1024 690 487.09 487.09 512 345
1065 PINHOLE 1024 690 487.09 487.09 512 345
1066 PINHOLE 1024 690 487.09 487.09 512 345
1067 PINHOLE 1024 690 487.09 487.09 512 345
1068 PINHOLE 1024 690 487.09 487.09 512 345
1069 PINHOLE 1024 690 487.09 487.09 512 345
1070 PINHOLE 1024 690 487.09 487.09 512 345
1071 PINHOLE 1024 690 487.09 487.09 512 345
1072 PINHOLE 1024 690 487.09 487.09 512 345
1073 PINHOLE 1024 690 487.09 487.09 512 345
1074 PINHOLE 1024 690 487.09 487.09 512 345
1075 PINHOLE 1024 690 487.09 487.09 512 345
1076 PINHOLE 1024 690 487.09 487.09 512 345
1077 PINHOLE 1024 690 487.09 487.09 512 345
1078 PINHOLE 1024 690 487.09 487.09 512 345
1079 PINHOLE 1024 690 487.09 487.09 512 345
1080 PINHOLE 1024 690 487.09 487.09 512 345
1081 PINHOLE 1024 690 487.09 487.09 512 345
1082 PINHOLE 1024 690 487.09 487.09 512 345
1083 PINHOLE 1024 690 487.09 487.09 512 345
1084 PINHOLE 1024 690 487.09 487.09 512 345
1085 PINHOLE 1024 690 487.09 487.09 512 345
1086 PINHOLE 1024 690 487.09 487.09 512 345
1087 PINHOLE 1024 690 487.09 487.09 512 345
1088 PINHOLE 1024 690 487.09 487.09 512 345
1089 PINHOLE 1024 690 487.09 487.09 512 345
1090 PINHOLE 1024 690 487.09 487.09 512 345
1091 PINHOLE 1024 690 487.09 487.09 512 345
1092 PINHOLE 1024 690 487.09 487.09 512 345
1093 PINHOLE 1024 690 487.09 487.09 512 345
1094 PINHOLE 1024 690 487.09 487.09 512 345
1095 PINHOLE 1024 690 487.09 487.09 512 345
1096 PINHOLE 1024 690 487.09 487.09 512 345
1097 PINHOLE 1024 690 487.09 487.09 512 345
1098 PINHOLE 1024 690 487.09 487.09 512 345
1099 PINHOLE 1024 690 487.09 487.09 512 345
1100 PINHOLE 1024 690 487.09 487.09 512 345
1101 PINHOLE 1024 690 487.09 487.09 512 345
1102 PINHOLE 1024 690 487.09 487.09 512 345
1103 PINHOLE 1024 690 487.09 487.09 512 345
1104 PINHOLE 1024 690 487.09 487.09 512 345
1105 PINHOLE 1024 690 487.09 487.09 512 345
1106 PINHOLE 1024 690 487.09 487.09 512 345
1107 PINHOLE 1024 690 487.09 487.09 512 345
1108 PINHOLE 1024 690 487.09 487.09 512 345
1109 PINHOLE 1024 690 487.09 487.09 512 345
1110 PINHOLE 1024 690 487.09 487.09 512 345
1111 PINHOLE 1024 690 487.09 487.09 512 345
1112 PINHOLE 1024 690 487.09 487.09 512 345
1113 PINHOLE 1024 690 487.09 487.09 512 345
1114 PINHOLE 1024 690 487.09 487.09 512 345
1115 PINHOLE 1024 690 487.09 487.09 512 345
1116 PINHOLE 1024 690 487.09 487.09 512 345
1117 PINHOLE 1024 690 487.09 487.09 512 345
1118 PINHOLE 1024 690 487.09 487.09 512 345
1119 PINHOLE 1024 690 487.09 487.09 512 345
1120 PINHOLE 1024 690 487.09 487.09 512 345
1121 PINHOLE 1024 690 487.09 487.09 512 345
1122 PINHOLE 1024 690 487.09 487.09 512 345
1123 PINHOLE 1024 690 487.09 487.09 512 345
1124 PINHOLE 1024 690 487.09 487.09 512 345
1125 PINHOLE 1024 690 487.09 487.09 512 345
1126 PINHOLE 1024 690 487.09 487.09 512 345
1127 PINHOLE 1024 690 487.09 487.09 512 345
1128 PINHOLE 1024 690 487.09 487.09 512 345
1129 PINHOLE 1024 690 487.09 487.09 512 345
1130 PINHOLE 1024 690 487.09 487.09 512 345
1131 PINHOLE 1024 690 487.09 487.09 512 345
1132 PINHOLE 1024 690 487.09 487.09 512 345
1133 PINHOLE 1024 690 487.09 487.09 512 345
1134 PINHOLE 1024 690 487.09 487.09 512 345
1135 PINHOLE 1024 690 487.09 487.09 512 345
1136 PINHOLE 1024 690 487.09 487.09 512 345
1137 PINHOLE 1024 690 487.09 487.09 512 345
1138 PINHOLE 1024 690 487.09 487.09 512 345
1139 PINHOLE 1024 690 487.09 487.09 512 345
1140 PINHOLE 1024 690 487.09 487.09 512 345
1141 PINHOLE 1024 690 487.09 487.09 512 345
1142 PINHOLE 1024 690 487.09 487.09 512 345
1143 PINHOLE 1024 690 487.09 487.09 512 345
1144 PINHOLE 1024 690 487.09 487.09 512 345
1145 PINHOLE 1024 690 487.09 487.09 512 345
1146 PINHOLE 1024 690 487.09 487.09 512 345
1147 PINHOLE 1024 690 487.09 487.09 512 345
1148 PINHOLE 1024 690 487.09 487.09 512 345
1149 PINHOLE 1024 690 487.09 487.09 512 345
1150 PINHOLE 1024 690 487.09 487.09 512 345
1151 PINHOLE 1024 690 487.09 487.09 512 345
1152 PINHOLE 1024 690 487.09 487.09 512 345
1153 PINHOLE 1024 690 487.09 487.09 512 345
1154 PINHOLE 1024 690 487.09 487.09 512 345
1155 PINHOLE 1024 690 487.09 487.09 512 345
1156 PINHOLE 1024 690 487.09 487.09 512 345
1157 PINHOLE 1024 690 487.09 487.09 512 345
1158 PINHOLE 1024 690 487.09 487.09 512 345
1159 PINHOLE 1024 690 487.09 487.09 512 345
1160 PINHOLE 1024 690 487.09 487.09 512 345
1161 PINHOLE 1024 690 487.09 487.09 512 345
1162 PINHOLE 1024 690 487.09 487.09 512 345
1163 PINHOLE 1024 690 487.09 487.09 512 345
1164 PINHOLE 1024 690 487.09 487.09 512 345
1165 PINHOLE 1024 690 487.09 487.09 512 345
1166 PINHOLE 1024 690 487.09 487.09 512 345
1167 PINHOLE 1024 690 487.09 487.09 512 345
1168 PINHOLE 1024 690 487.09 487.09 512 345
1169 PINHOLE 1024 690 487.09 487.09 512 345
1170 PINHOLE 1024 690 487.09 487.09 512 345
1171 PINHOLE 1024 690 487.09 487.09 512 345
1172 PINHOLE 1024 690 487.09 487.09 512 345
1173 PINHOLE 1024 690 487.09 487.09 512 345
1174 PINHOLE 1024 690 487.09 487.09 512 345
1175 PINHOLE 1024 690 487.09 487.09 512 345
1176 PINHOLE 1024 690 487.09 487.09 512 345
1177 PINHOLE 1024 690 487.09 487.09 512 345
1178 PINHOLE 1024 690 487.09 487.09 512 345
1179 PINHOLE 1024 690 487.09 487.09 512 345
1180 PINHOLE 1024 690 487.09 487.09 512 345
1181 PINHOLE 1024 690 487.09 487.09 512 345
1182 PINHOLE 1024 690 487.09 487.09 512 345
1183 PINHOLE 1024 690 487.09 487.09 512 345
1184 PINHOLE 1024 690 487.09 487.09 512 345
1185 PINHOLE 1024 690 487.09 487.09 512 345
1186 PINHOLE 1024 690 487.09 487.09 512 345
1187 PINHOLE 1024 690 487.09 487.09 512 345
1188 PINHOLE 1024 690 487.09 487.09 512 345
1189 PINHOLE 1024 690 487.09 487.09 512 345
1190 PINHOLE 1024 690 487.09 487.09 512 345
1191 PINHOLE 1024 690 487.09 487.09 512 345
1192 PINHOLE 1024 690 487.09 487.09 512 345
1193 PINHOLE 1024 690 487.09 487.09 512 345
1194 PINHOLE 1024 690 487.09 487.09 512 345
1195 PINHOLE 1024 690 487.09 487.09 512 345
1196 PINHOLE 1024 690 487.09 487.09 512 345
1197 PINHOLE 1024 690 487.09 487.09 512 345
1198 PINHOLE 1024 690 487.09 487.09 512 345
1199 PINHOLE 1024 690 487.09 487.09 512 345
1200 PINHOLE 1024 690 487.09 487.09 512 345
1201 PINHOLE 1024 690 487.09 487.09 512 345
1202 PINHOLE 1024 690 487.09 487.09 512 345
1203 PINHOLE 1024 690 487.09 487.09 512 345
1204 PINHOLE 1024 690 487.09 487.09 512 345
1205 PINHOLE 1024 690 487.09 487.09 512 345
1206 PINHOLE 1024 690 487.09 487.09 512 345
1207 PINHOLE 1024 690 487.09 487.09 512 345
1208 PINHOLE 1024 690 487.09 487.09 512 345
1209 PINHOLE 1024 690 487.09 487.09 512 345
1210 PINHOLE 1024 690 487.09 487.09 512 345
1211 PINHOLE 1024 690 487.09 487.09 512 345
1212 PINHOLE 1024 690 487.09 487.09 512 345
1213 PINHOLE 1024 690 487.09 487.09 512 345
1214 PINHOLE 1024 690 487.09 487.09 512 345
1215 PINHOLE 1024 690 487.09 487.09 512 345
1216 PINHOLE 1024 690 487.09 487.09 512 345
1217 PINHOLE 1024 690 487.09 487.09 512 345
1218 PINHOLE 1024 690 487.09 487.09 512 345
1219 PINHOLE 1024 690 487.09 487.09 512 345
1220 PINHOLE 1024 690 487.09 487.09 512 345
1221 PINHOLE 1024 690 487.09 487.09 512 345
1222 PINHOLE 1024 690 487.09 487.09 512 345
1223 PINHOLE 1024 690 487.09 487.09 512 345
1224 PINHOLE 1024 690 487.09 487.09 512 345
1225 PINHOLE 1024 690 487.09 487.09 512 345
1226 PINHOLE 1024 690 487.09 487.09 512 345
1227 PINHOLE 1024 690 487.09 487.09 512 345
1228 PINHOLE 1024 690 487.09 487.09 512 345
1229 PINHOLE 1024 690 487.09 487.09 512 345
1230 PINHOLE 1024 690 487.09 487.09 512 345
1231 PINHOLE 1024 690 487.09 487.09 512 345
1232 PINHOLE 1024 690 487.09 487.09 512 345
1233 PINHOLE 1024 690 487.09 487.09 512 345
1234 PINHOLE 1024 690 487.09 487.09 512 345
1235 PINHOLE 1024 690 487.09 487.09 512 345
1236 PINHOLE 1024 690 487.09 487.09 512 345
1237 PINHOLE 1024 690 487.09 487.09 512 345
1238 PINHOLE 1024 690 487.09 487.09 512 345
1239 PINHOLE 1024 690 487.09 487.09 512 345
1240 PINHOLE 1024 690 487.09 487.09 512 345
1241 PINHOLE 1024 690 487.09 487.09 512 345
1242 PINHOLE 1024 690 487.09 487.09 512 345
1243 PINHOLE 1024 690 487.09 487.09 512 345
1244 PINHOLE 1024 690 487.09 487.09 512 345
1245 PINHOLE 1024 690 487.09 487.09 512 345
1246 PINHOLE 1024 690 487.09 487.09 512 345
1247 PINHOLE 1024 690 487.09 487.09 512 345
1248 PINHOLE 1024 690 487.09 487.09 512 345
1249 PINHOLE 1024 690 487.09 487.09 512 345
1250 PINHOLE 1024 690 487.09 487.09 512 345
1251 PINHOLE 1024 690 487.09 487.09 512 345
1252 PINHOLE 1024 690 487.09 487.09 512 345
1253 PINHOLE 1024 690 487.09 487.09 512 345
1254 PINHOLE 1024 690 487.09 487.09 512 345
1255 PINHOLE 1024 690 487.09 487.09 512 345
1256 PINHOLE 1024 690 487.09 487.09 512 345
1257 PINHOLE 1024 690 487.09 487.09 512 345
1258 PINHOLE 1024 690 487.09 487.09 512 345
1259 PINHOLE 1024 690 487.09 487.09 512 345
1260 PINHOLE 1024 690 487.09 487.09 512 345
1261 PINHOLE 1024 690 487.09 487.09 512 345
1262 PINHOLE 1024 690 487.09 487.09 512 345
1263 PINHOLE 1024 690 487.09 487.09 512 345
1264 PINHOLE 1024 690 487.09 487.09 512 345
1265 PINHOLE 1024 690 487.09 487.09 512 345
1266 PINHOLE 1024 690 487.09 487.09 512 345
1267 PINHOLE 1024 690 487.09 487.09 512 345
1268 PINHOLE 1024 690 487.09 487.09 512 345
1269 PINHOLE 1024 690 487.09 487.09 512 345

